type	latitude	longitude	altitude (m)	name	desc
T	46.577815767	8.006307151	3911.0	Eiger	
T	46.578466040	8.005965006	3895.5		
T	46.578791149	8.005782222	3832.6		
T	46.579078172	8.005570018	3724.6		
T	46.579367065	8.005356442	3648.4		
T	46.579583677	8.004946775	3557.5		
T	46.579865782	8.004991639	3476.6		
T	46.580180618	8.004516708	3264.6		
T	46.580451198	8.004277242	3195.0		
T	46.580883934	8.004005624	3087.9		
T	46.581209122	8.003799154	2977.5		
T	46.581644035	8.003241861	2851.9		
T	46.582026009	8.003069486	2764.9		
T	46.582551784	8.002720057	2670.9		
T	46.583083196	8.002370539	2581.0		
T	46.583719600	8.002508310	2531.9		
T	46.584237046	8.002427283	2460.1		
T	46.584820877	8.002395002	2388.9		
T	46.585860556	8.002389411	2303.6		
T	46.586862937	8.002514452	2246.2		
T	46.587112662	8.002544981	2239.2		
T	46.588570071	8.002404681	2146.6		
T	46.589924384	8.002470768	2045.5		
T	46.591617717	8.002634372	1957.7		
T	46.592627230	8.002760495	1887.0		
T	46.593384733	8.002855115	1851.1		
T	46.594647965	8.003012951	1806.6		
T	46.595986761	8.003354346	1749.5		
T	46.597150442	8.003728075	1699.3		
T	46.598407081	8.004179000	1673.3		
T	46.599181281	8.004286830	1649.4		
T	46.599872386	8.004204540	1627.3		
T	46.601486780	8.004476420	1570.2		
T	46.603038700	8.004694904	1499.0		
T	46.603419318	8.004954575	1483.5		
T	46.604496564	8.005136867	1446.3		
T	46.606182787	8.005473453	1398.8		
T	46.606744091	8.005585510	1393.9		
T	46.608156102	8.005874613	1374.9		
T	46.609561968	8.006160070	1331.8		
T	46.610624225	8.006333127	1298.1		
T	46.611609121	8.006011764	1225.8		
T	46.612817305	8.005580548	1195.2		
T	46.614238479	8.005032088	1192.3		
T	46.615793225	8.005147041	1162.3		
T	46.617376691	8.005292591	1138.9		
T	46.618382864	8.005307675	1119.6		
T	46.619672753	8.005386333	1100.0		
T	46.620910554	8.005414682	1064.4		
T	46.622018571	8.005639171	1042.0		
T	46.623333105	8.005748458	1020.3		
T	46.624296817	8.005727378	969.5		
T	46.625267253	8.005615965	983.5		
T	46.626474514	8.005523335	1010.9		
T	46.626948463	8.005458527	1002.3		
T	46.628455445	8.005210686	919.2		
T	46.629142041	8.005135140	926.2		
T	46.629945360	8.004757923	929.5		
T	46.631925398	8.004612152	977.0		
T	46.632932397	8.004996645	1001.5		
T	46.633556848	8.005201678	1008.9		
T	46.635302568	8.005589583	1026.9		
T	46.636919881	8.006022211	1126.7		
T	46.638068577	8.006172826	1203.7		
T	46.639770184	8.006742430	1333.1		
T	46.640878333	8.006869883	1397.2		
T	46.642359596	8.007200535	1476.4		
T	46.643445785	8.007322405	1534.5		
T	46.644659114	8.007688158	1567.7		
T	46.645807410	8.007557035	1621.5		
T	46.647050130	8.007562168	1678.4		
T	46.648331816	8.007632603	1779.3		
T	46.649044614	8.007593727	1815.9		
T	46.649949515	8.007104234	1827.1		
T	46.651295652	8.006938460	1906.0		
T	46.652498495	8.006948538	1947.8		
T	46.653425716	8.006935330	1964.9		
T	46.654522592	8.006810148	2011.9		
T	46.655328570	8.006580189	2042.9		
T	46.656192039	8.006022999	2086.6		
T	46.656865774	8.005555031	2131.5		
T	46.657598860	8.005649825	2148.5		
T	46.658784651	8.005322375	2165.6		
T	46.659905468	8.005321392	2173.8		
T	46.661111323	8.005045965	2212.2		
T	46.662021063	8.004643421	2241.3		
T	46.662928161	8.004242841	2254.2		
T	46.663772257	8.004144172	2296.0		
T	46.664951418	8.004275327	2375.2		
T	46.665962248	8.004098356	2463.7		
T	46.666992398	8.004403351	2553.0		
T	46.667868438	8.004411061	2676.7		
T	46.668573402	8.003684554	2631.1		
T	46.669263295	8.003352125	2567.3		
T	46.669843634	8.002794159	2538.6		
T	46.670518933	8.002428635	2533.7		
T	46.671377615	8.002007140	2566.8		
T	46.672235838	8.002028958	2600.4		
T	46.673075833	8.001578251	2603.6		
T	46.674159233	8.001201367	2613.3		
T	46.675100506	8.000525526	2615.4		
T	46.676166758	7.999633894	2549.2		
T	46.676828986	7.998269662	2415.5		
T	46.677510457	7.997371946	2288.0		
T	46.678583170	7.996374781	2179.5		
T	46.678959299	7.995789789	2139.6		
T	46.679799534	7.995255033	2106.7		
T	46.680795359	7.995077769	2091.4		
T	46.681617619	7.994563324	2094.3		
T	46.683498335	7.994066887	2103.8		
T	46.685044407	7.993738327	2103.9		
T	46.686300264	7.993701719	2078.8		
T	46.687337285	7.993180838	2059.8		
T	46.688481212	7.992901295	2040.2		
T	46.689417328	7.992683488	2056.8		
T	46.689569524	7.992573023	2064.8		
T	46.690746948	7.992439464	2090.7		
T	46.691849675	7.992020488	2030.9		
T	46.692995615	7.991780253	2032.8		
T	46.693808855	7.991286767	2034.0		
T	46.694289941	7.991429676	2028.4		
T	46.695436747	7.991213749	2021.1		
T	46.696448623	7.991186794	2011.0		
T	46.696833148	7.991133177	2018.6		
T	46.697912355	7.990885000	2062.4		
T	46.699051715	7.990684099	2061.8		
T	46.699764724	7.990300454	2016.5		
T	46.700398011	7.989782114	1995.5		
T	46.701291347	7.988830634	1964.7		
T	46.702110920	7.988679962	1896.9		
T	46.703130261	7.988342851	1785.7		
T	46.704187171	7.988240083	1755.5		
T	46.705116213	7.987649187	1618.1		
T	46.705948668	7.986776953	1535.5		
T	46.706794927	7.985957031	1431.2		
T	46.707486667	7.985938019	1356.1		
T	46.708342192	7.985109889	1288.0		
T	46.709273677	7.984203594	1138.4		
T	46.710153162	7.983467517	1047.4		
T	46.710663636	7.982974068	1001.5		
T	46.711885614	7.982476668	915.1		
T	46.712780514	7.981747280	842.7		
T	46.713541871	7.981314107	814.1		
T	46.713927724	7.981185722	801.0		
T	46.714558411	7.981179281	790.0		
T	46.715846140	7.980197247	673.4		
T	46.716853291	7.979627696	582.4		
T	46.717923168	7.978981398	564.0		
T	46.718798481	7.979096235	564.0		
T	46.719818439	7.979054668	564.0		
T	46.720741594	7.978767019	564.0		
T	46.721663233	7.978479838	564.0		
T	46.722437178	7.978344816	564.0		
T	46.722970043	7.978121402	564.0		
T	46.723795376	7.977587760	564.0		
T	46.724419751	7.977609704	564.0		
T	46.725097089	7.977236657	564.0		
